%YAML:1.0
---
pentip_position: !!opencv-matrix
   rows: 4
   cols: 4
   dt: f
   data: [ 4.72176075e-02, 4.88873392e-01, -8.71075928e-01,
       -1.10601420e-02, -9.86025572e-01, 1.62288189e-01, 3.76323164e-02,
       -5.60783222e-03, 1.59762800e-01, 8.57126236e-01, 4.89704490e-01,
       -3.13416608e-02, 0., 0., 0., 1. ]
