%YAML:1.0
---
pentip_position: !!opencv-matrix
   rows: 4
   cols: 4
   dt: f
   data: [ 1.08533762e-01, 3.62616219e-03, -6.10968433e-02,
       -1.10601401e-02, -4.19466477e-03, 1.24530658e-01, -6.04398156e-05,
       -5.60783222e-03, -6.10604025e-02, -2.10944307e-03,
       -1.08594380e-01, -3.13416608e-02, 0., 0., 0., 1. ]
