%YAML:1.0
---
pentip_position: !!opencv-matrix
   rows: 4
   cols: 4
   dt: f
   data: [ 1., 0., 0., -1.95154116e-01, 0., 1., 0., 6.27833884e-04, 0.,
       0., 1., 6.80758208e-02, 0., 0., 0., 1. ]
