%YAML:1.0
---
pentip_position: !!opencv-matrix
   rows: 4
   cols: 4
   dt: f
   data: [ -4.72176075e-02, 4.88873363e-01, 8.71075988e-01,
       -1.94078758e-01, 9.86025572e-01, 1.62288129e-01, -3.76322567e-02,
       2.29893881e-03, -1.59762740e-01, 8.57126236e-01, -4.89704490e-01,
       7.15483651e-02, 0., 0., 0., 1. ]
