%YAML:1.0
---
pentip_position: !!opencv-matrix
   rows: 4
   cols: 4
   dt: f
   data: [ -9.96286154e-01, -5.57306744e-02, -6.56371266e-02,
       5.60214685e-04, -8.22343454e-02, 3.89849961e-01, 9.17199314e-01,
       1.30922254e-03, -2.55274959e-02, 9.19190466e-01, -3.92985225e-01,
       -2.60815751e-02, 0., 0., 0., 1. ]
