%YAML:1.0
---
pentip_position: !!opencv-matrix
   rows: 4
   cols: 4
   dt: f
   data: [ 9.96286035e-01, -5.57305887e-02, 6.56371340e-02,
       -1.82246268e-02, 8.22343156e-02, 3.89849961e-01, -9.17199314e-01,
       2.63804615e-01, 2.55274177e-02, 9.19190466e-01, 3.92985046e-01,
       -1.38550922e-01, 0., 0., 0., 1. ]
